0.000 0.000 -50.000
5.000 0.000 -50.000
0.000 5.000 -50.000

0.000 0.000 -50.000
10.000 0.000 -50.000
0.000 10.000 -50.000

20.000 0.000 -50.000
30.000 0.000 -50.000
20.000 10.000 -50.000

20.000 0.000 -50.000
20.000 10.000 -50.000
10.000 0.000 -50.000

20.000 0.000 -50.000
20.000 20.000 -50.000
0.000 0.000 -50.000

40.000 0.000 -50.000
50.000 0.000 -50.000
40.000 10.000 -50.000

40.000 0.000 -50.000
40.000 0.000 -40.000
40.000 10.000 -50.000

20.000 0.000 -50.000
30.000 0.000 -50.000
20.000 10.000 -50.000

0.000 0.000 -50.000
3.750 1.250 -53.062
1.250 3.750 -46.938

0.000 0.000 -50.000
4.024 2.529 -51.553
-1.553 4.024 -47.471

0.000 0.000 -50.000
4.378 2.100 -51.193
-1.909 4.522 -49.045

0.000 0.000 -50.000
2.845 -3.734 -51.723
2.699 3.276 -52.643

