0.0000000 0.0000000 0.9797980
0.1191754 0.0000000 0.9797980
0.0000000 0.1191754 0.9797980

0.0000000 0.0000000 0.9797980
0.2383507 0.0000000 0.9797980
0.0000000 0.2383507 0.9797980

0.4767014 0.0000000 0.9797980
0.7150522 0.0000000 0.9797980
0.4767014 0.2383507 0.9797980

0.4767014 0.0000000 0.9797980
0.4767014 0.2383507 0.9797980
0.2383507 0.0000000 0.9797980

0.4767014 0.0000000 0.9797980
0.4767014 0.4767014 0.9797980
0.0000000 0.0000000 0.9797980

0.9534029 0.0000000 0.9797980
1.1917536 0.0000000 0.9797980
0.9534029 0.2383507 0.9797980

0.9534029 0.0000000 0.9797980
1.1917536 0.0000000 0.9696970
0.9534029 0.2383507 0.9797980

0.4767014 0.0000000 0.9797980
0.7150522 0.0000000 0.9797980
0.4767014 0.2383507 0.9797980

0.0000000 0.0000000 0.9797980
0.0842237 0.0280746 0.9821295
0.0317374 0.0952123 0.9771622

0.0000000 0.0000000 0.9797980
0.0930230 0.0584630 0.9810151
-0.0389879 0.1010220 0.9776455

0.0000000 0.0000000 0.9797980
0.1019182 0.0488872 0.9807396
-0.0463871 0.1098809 0.9790112

0.0000000 0.0000000 0.9797980
0.0655519 -0.0860354 0.9811439
0.0611011 0.0741634 0.9818265

